0000000000000000
0000100111110000
0001001100110011
0001101100100111
0010000101000001
0010010100010111
0010011001100110
0010010100010111
0010000101000001
0001101100100111
0001001100110011
0000100111110000
0000000000000000
1111011000010000
1110110011001101
1110010011011001
1101111010111111
1101101011101001
1101100110011010
1101101011101001
1101111010111111
1110010011011001
1110110011001101
1111011000010000
0000000000000000
0000100111110000
0001001100110011
0001101100100111
0010000101000001
0010010100010111
0010011001100110
0010010100010111
0010000101000001
0001101100100111
0001001100110011
0000100111110000
0000000000000000
1111011000010000
1110110011001101
1110010011011001
1101111010111111
1101101011101001
1101100110011010
1101101011101001
1101111010111111
1110010011011001
1110110011001101
1111011000010000
0000000000000000
0000100111110000
0001001100110011
0001101100100111
0010000101000001
0010010100010111
0010011001100110
0010010100010111
0010000101000001
0001101100100111
0001001100110011
0000100111110000
0000000000000000
1111011000010000
1110110011001101
1110010011011001
1101111010111111
1101101011101001
1101100110011010
1101101011101001
1101111010111111
1110010011011001
1110110011001101
1111011000010000
0000000000000000
0000100111110000
0001001100110011
0001101100100111
0010000101000001
0010010100010111
0010011001100110
0010010100010111
0010000101000001
0001101100100111
0001001100110011
0000100111110000
0000000000000000
1111011000010000
1110110011001101
1110010011011001
1101111010111111
1101101011101001
1101100110011010
1101101011101001
1101111010111111
1110010011011001
1110110011001101
1111011000010000
0000000000000000
0000100111110000
0001001100110011
0001101100100111
0010000101000001
0010010100010111
0010011001100110
0010010100010111
0010000101000001
0001101100100111
0001001100110011
0000100111110000
0000000000000000
1111011000010000
1110110011001101
1110010011011001
1101111010111111
1101101011101001
1101100110011010
1101101011101001
1101111010111111
1110010011011001
1110110011001101
1111011000010000
0000000000000000
0000100111110000
0001001100110011
0001101100100111
0010000101000001
0010010100010111
0010011001100110
0010010100010111
0010000101000001
0001101100100111
0001001100110011
0000100111110000
0000000000000000
1111011000010000
1110110011001101
1110010011011001
1101111010111111
1101101011101001
1101100110011010
1101101011101001
1101111010111111
1110010011011001
1110110011001101
1111011000010000
0000000000000000
0011001100110011
0011110100100011
0100011001100110
0100111001011010
0101010001110100
0101100001001010
0101100110011001
0101100001001010
0101010001110100
0100111001011010
0100011001100110
0011110100100011
0011001100110011
0010100101000011
0010000000000000
0001100000001100
0001000111110010
0000111000011100
0000110011001101
0000111000011100
0001000111110010
0001100000001100
0010000000000000
0010100101000011
0011001100110011
0011110100100011
0100011001100110
0100111001011010
0101010001110100
0101100001001010
0101100110011001
0101100001001010
0101010001110100
0100111001011010
0100011001100110
0011110100100011
0011001100110011
0010100101000011
0010000000000000
0001100000001100
0001000111110010
0000111000011100
0000110011001101
0000111000011100
0001000111110010
0001100000001100
0010000000000000
0010100101000011
0011001100110011
0011110100100011
0100011001100110
0100111001011010
0101010001110100
0101100001001010
0101100110011001
0101100001001010
0101010001110100
0100111001011010
0100011001100110
0011110100100011
0011001100110011
0010100101000011
0010000000000000
0001100000001100
0001000111110010
0000111000011100
0000110011001101
0000111000011100
0001000111110010
0001100000001100
0010000000000000
0010100101000011
0011001100110011
0011110100100011
0100011001100110
0100111001011010
0101010001110100
0101100001001010
0101100110011001
0101100001001010
0101010001110100
0100111001011010
0100011001100110
0011110100100011
0011001100110011
0010100101000011
0010000000000000
0001100000001100
0001000111110010
0000111000011100
0000110011001101
0000111000011100
0001000111110010
0001100000001100
0010000000000000
0010100101000011
0011001100110011
0011110100100011
0100011001100110
0100111001011010
0101010001110100
0101100001001010
0101100110011001
0101100001001010
0101010001110100
0100111001011010
0100011001100110
0011110100100011
0011001100110011
0010100101000011
0010000000000000
0001100000001100
0001000111110010
0000111000011100
0000110011001101
0000111000011100
0001000111110010
0001100000001100
0010000000000000
0010100101000011
0011001100110011
0011110100100011
0100011001100110
0100111001011010
0101010001110100
0101100001001010
0101100110011001
0101100001001010
0101010001110100
0100111001011010
0100011001100110
0011110100100011
0011001100110011
0010100101000011
0010000000000000
0001100000001100
0001000111110010
0000111000011100
0000110011001101
0000111000011100
0001000111110010
0001100000001100
0010000000000000
0010100101000011
0011001100110011
0000000000000000
0000100111110000
0001001100110011
0001101100100111
0010000101000001
0010010100010111
0010011001100110
0010010100010111
0010000101000001
0001101100100111
0001001100110011
0000100111110000
0000000000000000
1111011000010000
1110110011001101
1110010011011001
1101111010111111
1101101011101001
1101100110011010
1101101011101001
1101111010111111
1110010011011001
1110110011001101
1111011000010000
0000000000000000
0000100111110000
0001001100110011
0001101100100111
0010000101000001
0010010100010111
0010011001100110
0010010100010111
0010000101000001
0001101100100111
0001001100110011
0000100111110000
0000000000000000
1111011000010000
1110110011001101
1110010011011001
1101111010111111
1101101011101001
1101100110011010
1101101011101001
1101111010111111
1110010011011001
1110110011001101
1111011000010000
0000000000000000
0000100111110000
0001001100110011
0001101100100111
0010000101000001
0010010100010111
0010011001100110
0010010100010111
0010000101000001
0001101100100111
0001001100110011
0000100111110000
0000000000000000
1111011000010000
1110110011001101
1110010011011001
1101111010111111
1101101011101001
1101100110011010
1101101011101001
1101111010111111
1110010011011001
1110110011001101
1111011000010000
0000000000000000
0000100111110000
0001001100110011
0001101100100111
0010000101000001
0010010100010111
0010011001100110
0010010100010111
0010000101000001
0001101100100111
0001001100110011
0000100111110000
0000000000000000
1111011000010000
1110110011001101
1110010011011001
1101111010111111
1101101011101001
1101100110011010
1101101011101001
1101111010111111
1110010011011001
1110110011001101
1111011000010000
0000000000000000
0000100111110000
0001001100110011
0001101100100111
0010000101000001
0010010100010111
0010011001100110
0010010100010111
0010000101000001
0001101100100111
0001001100110011
0000100111110000
0000000000000000
1111011000010000
1110110011001101
1110010011011001
1101111010111111
1101101011101001
1101100110011010
1101101011101001
1101111010111111
1110010011011001
1110110011001101
1111011000010000
0000000000000000
0000100111110000
0001001100110011
0001101100100111
0010000101000001
0010010100010111
0010011001100110
0010010100010111
0010000101000001
0001101100100111
0001001100110011
0000100111110000
0000000000000000
1111011000010000
1110110011001101
1110010011011001
1101111010111111
1101101011101001
1101100110011010
1101101011101001
1101111010111111
1110010011011001
1110110011001101
1111011000010000
0000000000000000
